-970|-591.6738194195739
-835|917.7674927552098
519|57.40291948444906
52|-437.8038288322075
-218|-424.91882476544254
710|429.4801229645957
-193|-368.7848738407682
-559|42.049725354825796
-66|-387.68265200606436
311|457.36981928157866
-589|863.475423547291
981|-172.0254912238894
245|816.4194232955629
-162|-664.035646959416
205|-902.2825696205967
468|382.4513487730276
763|168.319400593929
-447|535.2986172799156
92|234.32951712053932
-2|-735.1625112463832
-849|-323.32185712027183
-437|829.7953228059548
-224|895.0087550515398
-261|810.5455476769594
691|-331.16606381301074
75|788.6519327414921
-924|-370.133420871781
541|-820.9807263378706
349|348.50324798737074
532|-224.71472611401498
-637|-749.5258411296433
598|418.3114311289785
-829|36.79420620615292
-521|196.9905554532993
-391|-870.336659441812
-357|708.7028157336338
89|323.91427230667523
814|-37.63871563359373
706|-673.2183850530002
-442|-823.0595522337078
889|-266.9100440999823
-916|-653.9899095692618
565|667.9814781177722
-210|-422.4541336160239
184|190.82767300368664
874|-519.7814735527439
-599|-209.74263955024549
-736|605.2537602282248
-342|415.38849003538394
-370|973.8117409043175
-933|-158.8702036630625
-249|-787.8512875594381
763|487.68668411124463
135|-841.4790220910954
831|-268.10713638071684
305|-98.54814976408704
571|597.4095412369645
740|-696.9255266485312
380|919.4602999280362
-555|-70.81426680161235
-621|155.61040400111642
566|594.4439059868064
-734|138.64211316957994
653|-606.0591987323063
-272|594.4053091138992
892|446.76942028184953
-381|951.0296734283418
-270|949.6738011659679
781|272.8495827857048
-962|244.89107124244174
272|-794.2049525895778
-553|167.62688326680473
-448|-210.5029605837891
948|-63.029283352917105
-629|815.6032725363625
-706|945.4907300499026
-89|-476.79390659731655
-222|-360.0278471695726
-806|-542.7622833611854
-474|-992.8968629626094
-845|630.7447574974276
15|-375.8240159520021
336|-940.7160171230355
982|786.8455007605698
98|652.0336840617201
980|510.43353399010243
590|921.0866762886046
-115|258.8117818913802
-56|-823.0460589843649
2|-774.1711502012025
186|-921.5064664295944
-572|-347.95844169268844
-331|-157.82544728706284
-554|304.70703951321843
-130|-372.5830676231599
-330|-614.479616016149
357|915.3019017899887
-775|-740.2671564594821
997|-996.5388359454017
-369|-736.8839438598898
54|-324.16460855810067
455|-490.9865003888021
498|475.87004502205764
-955|-810.0318256075604
-365|-182.0690280479531
743|-891.2495236397766
991|755.825769465552
-618|-399.5990618590637
429|-562.9688940905676
624|749.5937637870745
-162|713.018678018549
-221|565.0280124655822
747|-840.7751084977024
671|-845.6279030998139
-134|636.130843318452
3|-221.50672425742755
-829|-228.1362220338783
-359|461.2643009719545
-709|935.1411837085375
-10|-102.74412875596056
905|-798.4602608836528
-187|340.82489367567837
-924|297.90267855267234
550|210.92555484381114
-829|-923.1340748492997
-907|-716.9256219698661
372|-975.9782781715376
-620|447.46888905976766
-495|-136.94905502203687
-231|698.7116241565834
351|501.52082496588355
-570|-639.7025244833717
-978|-479.322713176056
-30|-76.45030079089338
912|465.6501975219419
-302|237.8689013064029
-629|-77.80294762275446
-850|-836.059136495398
265|-90.4825270002467
49|-799.6700974026796
128|-531.2959130187303
140|806.4795842395947
944|-565.5124752400085
707|685.5680201939645
-96|-880.8180303827602
-305|95.49883716474801
-546|360.0349360160517
953|-70.33372615939788
912|-172.24785334342505
848|143.81764781310562
368|164.19415697742465
-260|-244.50721398780195
572|-890.2317340663184
489|215.9510706665826
251|-493.25726986879204
-870|-108.30024183323701
-226|-487.17463811816344
592|233.80952435486984
636|-950.3201233447496
501|-172.45960959560307
710|979.936643103043
-25|-195.31440740726987
-490|-955.7803645417051
952|-263.6520642595739
-301|931.2681267159742
744|854.7966872524437
292|418.8842065269903
918|-560.4835860711412
38|570.1620109402581
-549|258.4658866471739
-171|980.0225104546475
925|-178.77878263289415
815|-104.351300875849
182|-128.72140799544013
427|174.4475780356836
904|-51.91855159387467
16|942.9180925578428
939|780.1056083954261
-323|-436.69836156404745
616|52.17251093733012
337|631.2885697645588
544|-827.7709575236496
-145|339.4571136504096
-263|737.0105831510261
-795|-479.9787772995978
-468|791.1023963739754
-291|177.75209385360927
281|56.47612654865088
881|-576.4001019120706
-403|183.45427172981977
17|145.10321631149804
-536|348.7951822097891
-209|-561.5239755445216
-95|-721.8652313878833
154|-451.34281568671634
244|152.4213659413192
993|-630.5334025384059
-736|-175.32690185297577
-854|869.3158168834182
924|47.187778367467445
224|57.80362625748944
-955|983.8183172848621
-888|-684.0284454345472
-480|818.2096204656523
-886|144.78681795864895
401|-761.3600444893931
67|-658.2003821047277
966|-220.84146324869414
363|-528.9288373193175
-616|265.3617285637574
-889|-147.72965549438322
-876|704.1965321798871
195|-807.2822314211421
-228|-706.8848548082733
-870|545.9649706006767
-32|551.4267177025492
-565|-270.0490758686276
-699|332.3578715643862
-953|-712.7777441452747
-757|147.39259437840178
224|-247.8770834438517
769|381.5687307667031
262|-198.9796560892379
310|-43.77741435521193
-892|-114.57819849567534
668|738.0071483313632
-574|-873.3326772430869
24|120.67839335120266
-50|-685.514626504163
-340|81.49721966869356
180|336.56584996322204
-840|-504.25670255493674
-28|297.84486795601106
220|650.3360037057371
172|118.93900778294051
881|-900.1084281240492
178|-285.4707853211869
-77|764.7837313703885
624|722.9418466349698
-100|-627.7103592640128
-276|139.68712819315238
-90|865.7357255252543
765|965.4693731927766
-617|-815.8246067439268
-713|361.1372812077461
-150|-742.943821193533
-953|-636.0084561468689
525|932.1479182836385
-160|253.06638268066308
782|330.8516763009379
996|961.3663667986605
-632|-565.8521869240215
-842|149.98733424515785
215|726.2601895189155
-473|6.557674042376107
662|644.2055664364673
